1,4,6,6,28,27,25,22,13,9,2,-8,-15,-18,-19,-26,-31,-37,-37,-43,-46,-49,-52,-50,-48,-43,-33,-31,-25,-21,-16,-8,2,9,15,22,28,30,32,37,41,41,39,35,34,31,26,23,19,10,-3,-8,-12,-17,-24,-28,-37,-45,-46,-46,-49,-44,-43,-43,-41,-35,-29,-23,-14,-10,-6,3,10,18,24,30,31,33,38,39,36,40,39,36,34,27,20,17,7,-5,-7,-12,-17,-21,-23,-31,-40,-40,-42,-43,-39,-38,-37,-33,-30,-29,-24,-18,-14,-13,-7,-3,3,10,18,20,18,23,21,19,22,24,25,24,23,17,10,6,2,-6,-6,-9,-12,-17,-20,-27,-31,-30,-34,-30,-25,-22,-18,-14,-10,-8,-6,-5,-3,3,8,8,11,16,17,15,19,14,11,11,9,8,3,1,-6,-9,-16,-20,-26,-22,-24,-18,-17,-21,-23,-21,-22,-16,-13,-9,-7,-3,0,5,4,11,12,10,16,18,22,22,25,26,20,15,11,6,6,3,-4,-10,-12,-17,-18,-20,-22,-26,-28,-34,-32,-31,-31,-35,-31,-29,-28,-24,-15,-9,-3,1,6,13,18,23,25,25,28,31,33,34,33,24,16,16,8,-1,0,0,-1,-10,-21,-30,-34,-39,-40,-40,-39,-39,-40,-39,-38,-35,-29,-26,-20,-12,-6,0,5,11,16,19,23,28,31,34,33,33,32,29,27,25,21,14,9,6,3,-2,0,-8,-16,-18,-20,-28,-28,-34,-34,-35,-35,-28,-23,-13,-9,-10,-6,-2,0,1,0,4,6,11,12,12,12,10,8,8,12,9,9,9,8,1,-2,-2,-12,-14,-16,-21,-20,-9,-19,-24,-29,-31,-25,-24,-21,-18,-17,-15,-12,-3,-3,-3,6,7,5,10,10,12,16,14,12,6,5,1,-2,-4,-6,-7,-6,-2,-8,-11,-13,-15,-19,-19,-20,-17,-12,-9,-9,-7,-7,-8,2,4,6,10,16,18,18,18,19,12,12,10,12,9,9,6,-2,-6,-9,-9,-13,-16,-16,-18,-21,-30,-29,-30,-35,-35,-28,-27,-22,-20,-19,-20,-18,-13,-6,5,13,17,19,20,22,19,21,19,18,19,16,13,20,18,14,10,8,0,-4,-6,-11,-14,-16,-17,-23,-29,-25,-28,-32,-27,-23,-21,-17,-13,-14,-9,-4,-5,-1,6,9,15,19,18,11,13,17,15,20,19,19,19,21,14,5,2,-2,-7,-9,-11,-14,-20,-21,-21,-23,-21,-26,-24,-23,-23,-21,-14,-12,-16,-16,-12,-8,-5,-3,-2,1,1,2,2,9,17,9,10,11,7,8,10,12,6,2,1,-7,-5,-3,-5,-3,-3,-6,-9,-8,-13,-19,-18,-14,-8,-6,-8,-10,-8,-7,-4,-5,1,4,6,9,11,6,5,7,2,2,3,-6,-8,-7,-2,-4,-3,-5,-15,-15,-15,-14,-7,-8,-8,-13,-7,-7,-9,-3,-5,-5,1,4,6,4,3,2,3,8,10,11,13,10,10,7,7,1,-2,-4,-5,-7,-8,-11,-15,-16,-16,-19,-18,-17,-17,-13,-9,-11,-12,-10,-6,-9,-6,-1,1,3,6,7,8,12,12,12,14,15,16,18,17,14,6,8,2,-5,-4,-9,-7,-12,-14,-18,-18,-15,-20,-28,-26,-20,-17,-15,-11,-15,-12,-13,-14,-9,1,2,1,2,6,6,11,11,6,10,13,13,13,13,12,11,10,6,3,4,4,2,0,-4,-7,-8,-7,-12,-17,-17,-16,-19,-16,-11,-15,-19,-14,-14,-9,-2,-4,-1,3,4,-1,2,5,5,3,7,8,9,10,10,2,6,5,-1,0,-1,-6,-3,-4,-7,-13,-12,-11,-14,-11,-13,-9,-3,-2,-9,-11,-10,-14,-10,-3,-3,1,0,2,1,3,5,3,4,8,6,7,11,7,-1,0,-4,-8,-5,-7,-5,-1,-3,-7,-9,-5,-4,-4,0,-1,1,3,2,1,-5,-1,-6,-4,0,7,7,6,6,6,6,4,-2,-1,0,-2,0,1,-3,-12,-11,-16,-15,-14,-13,-14,-16,-14,-10,-13,-13,-13,-15,-13,-10,-10,-5,-1,0,0,3,4,5,2,7,10,14,16,12,8,9,5,3,6,5,2,-2,-6,-8,-10,-8,-9,-7,-4,-8,-8,-7,-7,-12,-11,-9,-8,-13,-10,-9,-4,-4,-2,0,1,2,2,4,8,12,12,13,13,7,8,5,3,2,0,-3,-1,-2,-3,-6,-5,-8,-11,-11,-9,-6,-10,-8,-11,-13,-9,-10,-12,-10,-9,-7,-1,4,-3,0,-2,-6,-6,4,3,8,8,8,6,3,-1,-3,-5,-4,0,1,0,-1,-3,-1,-3,-9,-5,-5,-3,-1,2,0,-4,-5,-5,-7,-4,-5,-3,2,5,7,5,3,-2,-7,-5,-1,9,9,11,6,3,1,-7,-10,-9,-7,-10,-11,-7,-7,-6,-10,-12,-10,-9,-5,0,2,1,-3,-5,-4,-5,-4,2,10,11,9,4,4,3,-2,-1,3,6,6,6,4,-6,-7,-5,-7,-6,-5,-9,-8,-8,-9,-14,-13,-11,-14,-9,-3,-7,-3,-2,-2,-3,-7,-2,-3,3,5,4,5,4,2,3,6,5,3,5,2,2,4,1,-2,-1,-1,-8,-11,-7,-6,-9,-9,-10,-13,-5,-4,-7,-6,-6,-6,-2,1,0,-4,0,-2,-4,-5,-1,5,7,8,9,6,13,10,7,9,5,1,-2,0,-4,-5,0,-7,-10,-2,-2,-1,0,2,-1,-2,-4,-9,-11,-7,-5,-5,-3,1,-1,0,0,-8,-4,-1,2,6,10,8,3,-1,-1,-2,-1,2,-2,-2,-1,-3,-5,-5,-6,-9,-6,-5,-1,-1,-1,-7,-8,-6,-8,-11,-9,-11,-6,-3,0,-4,-3,-3,0,2,1,3,3,2,6,2,3,2,2,6,3,0,2,5,3,0,-2,-3,-11,-7,-5,0,3,6,3,0,0,-2,0,2,2,4,8,5,3,0,-3,-8,-8,-7,-7,0,3,0,-4,-11,-12,-11,-8,-3,-5,-3,-6,-7,-11,-6,-9,-10,-4,-1,-1,-2,-4,-8,-5,-6,-3,-3,-2,-4,-2,0,4,2,-1,1,1,1,2,6,6,8,7,0,-3,0,-3,-6,-6,-7,-6,-5,-3,-8,-9,-4,-8,-6,-5,-9,-10,-10,-8,-5,-6,-5,-6,-2,5,6,8,10,11,7,7,4,3,5,6,5,13,13,5,2,2,3,0,1,0,-2,-1,-1,-5,-7,-11,-14,-14,-15,-13,-12,-9,-11,-17,-20,-23,-18,-14,-9,-3,1,5,0,-5,0,1,-5,-1,2,2,6,4,4,5,4,3,4,8,4,5,3,3,3,4,5,-3,-2,-1,-3,2,3,4,-4,-6,-7,-15,-12,-9,-6,-2,-6,-7,-11,-9,-5,-10,-11,-6,-4,-3,-5,-2,3,3,5,3,2,0,-3,-5,0,-2,1,0,0,-1,1,4,8,5,6,18,20,24,21,17,10,1,-2,-4,-8,-9,-6,-6,-4,-5,-10,-14,-14,-15,-22,-18,-17,-17,-23,-21,-21,-24,-18,-15,-16,-13,-6,1,4,5,5,8,13,12,15,15,18,20,17,19,17,17,14,13,12,8,8,11,7,5,-3,-8,-7,-11,-12,-12,-10,-17,-17,-18,-24,-21,-18,-22,-20,-17,-13,-17,-16,-13,-15,-9,-10,-7,-1,6,8,10,20,19,15,13,10,7,12,17,20,25,26,23,21,21,8,4,9,4,1,1,-1,-8,-9,-9,-13,-15,-14,-15,-12,-14,-17,-19,-20,-23,-23,-20,-19,-20,-21,-17,-18,-18,-14,-11,-11,-9,-2,3,8,12,4,5,5,6,11,19,23,24,26,26,21,18,18,16,18,18,12,11,8,3,-4,-2,-5,-9,-8,-10,-10,-11,-17,-23,-26,-25,-27,-30,-29,-28,-25,-23,-16,-19,-22,-19,-20,-16,-8,-5,2,6,10,13,21,23,19,20,27,31,34,37,34,31,30,28,26,23,20,14,12,12,8,-4,-6,-11,-17,-24,-28,-33,-35,-31,-34,-40,-35,-35,-38,-34,-32,-33,-31,-28,-27,-23,-16,-10,-9,0,5,12,17,22,26,29,28,25,28,33,36,40,41,36,29,29,26,16,14,13,12,8,6,0,-9,-12,-18,-21,-20,-21,-24,-22,-27,-30,-37,-32,-30,-32,-27,-27,-27,-25,-25,-22,-20,-9,-6,-6,-1,2,8,17,20,19,21,23,25,31,37,32,31,31,28,25,20,17,15,14,14,9,4,1,-5,-13,-11,-13,-16,-19,-25,-31,-36,-35,-38,-40,-38,-39,-38,-30,-30,-30,-27,-21,-20,-22,-13,-5,-1,3,10,17,20,20,20,24,28,25,31,38,42,41,41,39,29,35,30,22,20,17,12,8,10,5,-4,-8,-12,-23,-30,-27,-31,-32,-32,-40,-43,-40,-42,-41,-35,-36,-32,-29,-24,-24,-21,-16,-13,-9,0,9,16,19,21,21,24,28,30,34,46,44,44,41,40,33,28,29,20,16,9,7,7,3,-6,-15,-19,-24,-31,-31,-32,-34,-35,-38,-41,-42,-40,-41,-40,-35,-32,-31,-27,-22,-22,-17,-8,-5,-3,6,14,21,28,29,28,32,37,37,42,41,44,44,47,41,35,27,22,21,20,18,14,5,-1,-6,-19,-22,-29,-34,-32,-37,-36,-39,-40,-39,-41,-45,-48,-43,-39,-36,-29,-21,-18,-15,-8,-5,-3,0,4,13,21,29,35,31,33,32,27,32,33,32,36,32,29,24,24,24,17,16,9,3,-1,-6,-11,-14,-14,-18,-29,-32,-34,-33,-32,-34,-35,-32,-33,-39,-39,-32,-31,-24,-18,-15,-15,-15,-10,-7,3,11,13,18,21,24,27,31,33,34,38,40,38,41,43,36,30,29,26,20,16,8,6,6,0,-10,-17,-15,-24,-28,-27,-31,-31,-33,-34,-39,-37,-38,-41,-40,-34,-27,-26,-22,-18,-16,-13,-8,-4,6,13,9,15,23,29,27,28,27,26,29,36,32,35,37,33,26,21,15,13,10,1,0,-2,-3,-7,-12,-18,-25,-28,-30,-34,-35,-33,-32,-36,-34,-34,-38,-30,-25,-25,-18,-14,-13,-12,-4,-2,-1,6,9,13,20,23,21,21,25,33,33,37,33,35,31,27,25,21,18,13,10,12,11,5,-1,-5,-12,-12,-13,-18,-20,-21,-20,-25,-30,-33,-33,-32,-33,-35,-30,-29,-32,-29,-21,-18,-18,-9,-8,-8,1,5,10,14,18,21,20,21,23,25,30,29,30,28,29,22,18,19,14,9,9,5,3,0,1,-10,-13,-15,-21,-27,-29,-27,-25,-24,-24,-31,-33,-30,-31,-26,-19,-13,-10,-8,-6,-9,-6,-3,-4,3,7,15,17,20,22,23,24,27,33,32,34,32,29,24,20,18,16,7,5,4,0,-1,-3,-5,-11,-14,-18,-22,-21,-24,-27,-27,-28,-29,-30,-31,-26,-29,-25,-20,-18,-14,-11,-10,-10,-5,-6,-6,0,4,12,14,17,15,16,20,15,15,21,26,24,25,22,15,15,12,3,3,3,1,1,1,-5,-10,-5,-7,-15,-17,-19,-21,-24,-20,-22,-24,-19,-21,-21,-15,-10,-9,-7,-8,-5,-5,-2,-3,-2,7,6,1,8,12,15,14,16,16,18,21,21,27,23,17,12,10,8,2,-2,2,0,0,-1,0,-8,-10,-15,-18,-18,-19,-22,-21,-16,-17,-23,-21,-21,-22,-19,-16,-12,-12,-9,-8,-7,-2,-2,-4,2,5,11,16,15,10,11,11,7,11,18,20,25,27,21,14,13,13,5,6,6,2,2,5,2,-7,-11,-13,-17,-13,-13,-12,-11,-10,-13,-16,-12,-14,-19,-17,-17,-15,-14,-13,-10,-12,-6,-5,1,8,9,12,14,14,6,10,13,11,10,11,15,17,16,15,13,8,6,4,6,2,-2,0,1,-4,-4,-6,-9,-15,-13,-15,-13,-13,-11,-15,-15,-14,-16,-15,-12,-16,-13,-13,-7,-4,-5,-3,-3,-2,3,7,9,13,14,6,9,13,9,10,8,9,10,8,9,7,6,6,4,3,2,2,2,1,1,-3,-4,-2,-2,-6,-10,-11,-11,-13,-18,-17,-16,-13,-17,-15,-11,-6,-8,-3,11,15,22,20,11,7,-1,2,3,0,5,7,6,9,9,12,8,8,10,6,7,6,6,4,4,1,1,1,0,-7,0,-3,-7,-3,-5,-14,-19,-18,-16,-19,-19,-17,-11,-11,-12,-14,-11,-11,-11,-12,-8,-6,-3,1,3,-5,-1,4,4,12,11,7,12,15,15,10,8,3,0,6,9,10,9,8,2,-3,-4,-6,-8,-3,3,1,-2,3,1,-1,1,-4,-7,-7,-10,-10,-13,-9,-8,-10,-6,-7,-6,0,1,3,5,9,7,7,9,-1,1,8,11,11,8,4,1,3,4,-2,1,3,4,2,6,5,-1,1,2,-7,-8,-11,-10,-8,-2,-3,-7,-8,-10,-18,-12,-12,-10,-8,-6,-13,-12,-12,-13,-11,-7,-2,-1,2,-1,-1,1,4,2,5,6,5,5,6,7,6,10,10,7,8,7,11,10,7,7,4,6,2,-2,1,0,-2,-1,1,-1,-9,-10,-14,-14,-10,-6,-3,-3,-3,-7,-8,-7,-11,-10,-6,-6,-2,0,-1,-3,2,3,1,-3,-2,3,2,7,2,-1,-2,2,0,4,7,5,6,6,3,-3,-3,-3,-3,-1,-2,0,-2,-3,-3,-7,-7,-9,-6,-4,-5,-1,-1,-2,-6,-5,-2,-6,-6,-8,-11,-7,-5,-5,-5,3,4,0,2,4,5,9,8,9,9,7,7,8,7,4,3,5,4,0,0,-1,-1,-3,-3,-1,-4,0,-4,-6,-3,-7,-13,-10,-7,-6,-3,0,0,-4,-2,0,-4,-1,1,-2,-3,-1,-7,-10,-10,-4,0,8,6,2,2,2,0,-1,3,-2,0,6,9,7,7,5,1,1,5,2,-3,3,1,4,5,5,-1,-6,-3,-6,-4,-5,-5,-3,-3,-4,-7,-7,-4,-8,-7,-2,-5,-4,-2,1,-2,-4,-8,-5,-3,2,3,3,5,2,3,5,-1,2,8,3,10,10,8,5,8,4,-1,0,-3,-7,-2,0,2,0,-1,-5,-2,-1,2,0,-1,0,-4,-10,-10,-5,-7,-5,-3,-1,-7,-7,-7,-10,-7,-2,-2,1,0,-2,0,2,-3,-4,2,2,1,5,8,12,9,5,5,1,6,4,2,4,1,1,-1,-2,-7,-6,-8,-13,-8,-6,-4,-2,1,-2,-7,-8,-6,-6,-4,-7,-5,-5,-3,0,-2,-3,-3,-4,-6,-3,0,5,6,3,2,5,4,1,4,4,5,7,11,9,10,7,4,2,0,1,3,6,7,0,1,2,3,4,-3,-6,-2,0,0,-5,1,-1,-9,-11,-9,-3,2,-1,-6,-7,-4,-5,-5,-4,-7,-7,-6,-3,-2,-1,1,-3,-5,-5,-4,-4,-2,-2,-5,-2,4,2,3,4,5,9,8,7,5,6,4,0,-3,-8,-4,-1,3,-1,-10,-6,-8,-7,-1,-1,-1,-5,-2,-1,-4,-3,-3,1,4,0,2,5,6,7,7,5,-2,-3,4,7,10,10,7,3,4,3,2,1,4,5,6,5,2,-3,0,-4,-7,-8,-6,-4,-6,-1,-4,-6,-7,-8,-12,-12,-12,-7,-5,-6,-9,-9,-8,-7,-6,-3,-1,-1,4,1,-1,-5,-2,-5,-7,-1,0,5,9,13,7,7,7,1,1,3,8,8,6,2,0,0,0,-5,1,1,-3,-3,-1,-2,-6,-2,-7,-8,-9,-7,-2,-1,1,0,-2,2,-1,-4,-3,0,2,5,2,-5,-6,-4,-4,3,10,8,10,10,10,2,5,4,3,6,6,6,5,6,10,3,1,-2,-7,-4,-4,-6,-7,-7,-10,-11,-9,-12,-11,-8,-7,-3,0,0,-3,-2,-3,-10,-10,0,-1,1,1,1,-1,0,0,-5,-1,1,0,6,12,12,7,14,14,8,8,8,4,8,10,9,3,2,-1,1,4,3,2,-3,-3,-4,-7,-9,-10,-9,-7,-2,0,0,-1,-5,-9,-7,-9,-6,0,-2,-3,-5,-4,-4,-2,-4,-10,-3,-2,-3,2,6,1,3,3,8,10,11,10,9,6,7,7,4,4,2,5,4,2,2,1,-1,-3,-3,-3,-6,-12,-12,-13,-11,-7,-2,-6,-5,-4,-6,-10,-7,-5,-2,0,3,-6,-2,-2,-3,3,10,12,11,13,8,3,4,3,-3,3,5,9,10,7,7,7,7,4,3,5,3,3,2,0,-2,-4,-6,-7,-4,-1,-1,-3,-4,-5,-9,-8,-8,-6,-8,-10,-11,-11,-3,-1,-2,4,4,-3,0,7,9,9,11,8,6,11,5,3,10,7,6,9,7,2,0,1,0,0,-3,-5,1,-1,-3,-12,-15,-14,-15,-13,-9,-8,-6,-2,-1,-8,-5,-4,-8,-5,-8,-5,3,3,-4,-3,6,4,-2,4,9,16,15,14,11,7,4,3,3,10,11,8,8,7,3,3,4,2,2,4,7,9,7,8,0,1,-2,-6,-9,-8,-11,-8,-4,-6,-5,-6,-6,-11,-8,-12,-7,-4,0,-6,-3,0,3,1,0,5,5,9,10,8,6,5,6,8,10,9,7,10,8,4,-1,3,4,2,-4,-9,-13,-13,-6,-5,2,3,-3,-6,-4,-6,-5,-7,-9,-7,-9,-4,-8,-6,-3,-7,-1,0,1,2,3,-1,-1,-1,3,7,1,2,9,15,33,38,26,23,12,4,2,-4,-4,0,1,6,7,7,0,-2,-3,-7,-7,-6,-9,-6,-6,-6,-8,-7,-13,-17,-13,-7,-4,1,2,5,-1,-2,-9,-7,1,3,4,5,5,3,0,-1,-2,-1,1,5,4,2,1,-3,0,7,6,6,7,3,4,4,1,3,4,2,-7,-3,-4,-5,-1,1,0,-4,-6,-8,-6,-6,-7,-2,-3,0,0,-2,-2,-5,-4,2,3,8,6,7,1,0,4,1,9,10,9,9,9,5,2,7,4,2,5,2,3,4,2,4,-5,-4,-1,-1,2,1,-1,2,1,-7,-3,-10,-13,-11,-8,-4,-5,-8,-8,-4,-3,-2,-7,-6,-3,-3,1,-1,3,-1,0,1,1,5,6,3,7,11,8,4,4,1,0,5,8,7,7,6,2,-4,-4,0,-3,-1,0,-1,-2,-2,-2,-6,-5,-6,-9,-3,-2,-2,-3,-1,-3,-2,5,1,-1,5,1,3,4,10,2,-1,1,1,3,7,8,6,5,8,1,0,-1,-5,-2,0,-1,1,7,5,2,0,-6,-6,-7,-5,-3,-4,1,-3,-3,-5,-5,-8,-5,-5,0,-4,2,-1,-6,-6,-5,-2,0,-2,-6,-5,-2,-3,-1,2,0,7,11,9,10,9,4,-1,-1,-5,-8,-2,2,5,8,6,2,3,0,-4,-6,-3,-3,-5,-2,1,-3,-5,-2,-8,-9,-2,-2,0,-1,1,-5,-3,0,1,3,5,5,3,5,9,5,7,0,-4,-1,-4,1,4,10,12,3,6,5,1,7,6,7,4,2,0,-3,-2,-4,-5,-3,-1,0,-3,-9,-10,-8,-5,-5,-7,-4,-1,-2,-5,-2,-3,-2,-4,-6,-4,-1,-2,0,-2,0,2,1,3,4,6,6,5,5,3,8,10,10,3,-1,1,6,2,2,1,-3,-5,-5,-7,-3,-1,-2,-3,-2,-1,2,1,2,0,0,4,7,7,3,1,-5,-6,-1,-2,3,7,2,4,2,0,-4,4,7,5,6,5,6,3,3,4,4,6,4,-1,-1,-3,-1,-3,1,-2,-3,5,-4,-10,-10,-7,-2,-6,-5,-8,-6,0,0,-2,-1,-3,-7,-8,-5,-8,-2,1,-3,4,6,5,9,9,8,3,0,-4,-1,3,7,6,4,6,5,1,0,-3,-4,-5,-4,-1,2,7,5,3,4,4,2,5,3,-2,2,1,-3,2,2,-1,1,6,0,4,2,-2,-4,-2,-1,-1,0,5,7,5,10,7,2,4,5,-2,-2,-2,2,0,5,1,2,2,-1,0,6,5,2,-2,1,-2,0,-4,-6,-7,-7,-8,-6,-2,2,-2,-2,-2,-2,-2,-3,-7,-7,1,6,1,1,2,6,2,2,8,5,6,4,-3,-1,-3,-2,-4,0,5,1,3,-4,-1,5,2,0,1,-1,1,2,7,7,4,7,1,1,4,1,1,0,-2,0,2,2,-4,-5,-4,-7,-4,-3,-2,-9,-5,-1,0,4,8,10,4,2,-3,-7,-5,-5,-5,-3,-2,-1,3,5,0,4,5,2,-3,2,3,-1,-5,-5,-7,-5,0,-3,-1,3,4,7,6,4,2,-1,1,0,2,1,-1,0,0,1,-2,0,-4,-6,-6,-9,-4,-1,0,-3,-2,-1,-6,-6,-1,0,5,6,6,2,4,-2,-5,-5,-1,-1,3,3,9,4,1,1,3,8,6,9,9,3,3,1,4,3,-1,3,4,-3,-3,3,0,-3,-3,-11,-6,-2,-1,3,-1,-3,-5,-5,-3,-5,-3,2,-1,-3,0,1,-6,-6,0,-6,-4,-3,-3,0,2,7,3,3,5,8,8,10,5,5,5,6,4,7,6,-2,-2,-2,-2,-1,0,-4,-10,-8,-6,-7,-7,-9,-9,-8,-7,-7,-9,-7,-7,-7,-3,-2,-1,0,-2,-4,-2,-3,-4,3,4,8,14,10,10,7,6,7,5,12,13,8,8,5,10,4,1,2,4,10,7,6,5,4,-3,-5,-2,-2,-8,-7,-6,-4,-8,-10,-8,-9,-11,-12,-12,-11,-9,-8,-5,-2,-6,-3,-5,-5,-4,-1,-2,0,8,14,10,13,11,13,13,12,12,11,9,5,4,3,1,-5,0,-6,-5,4,7,1,-1,-2,-7,-7,-6,-7,-8,-8,-11,-14,-11,-10,-12,-8,-8,-7,-6,-4,-3,-4,0,2,3,6,9,10,10,12,13,11,10,7,5,6,8,9,14,19,19,14,9,3,-1,1,0,-2,-1,-2,-12,-11,-15,-10,-12,-10,-17,-13,-17,-19,-16,-18,-17,-17,-16,-12,-8,-6,-2,0,-4,1,5,4,3,9,13,15,14,14,10,10,14,13,13,14,13,11,14,8,9,10,9,9,6,-1,1,2,1,-5,-10,-12,-18,-23,-17,-15,-14,-14,-7,-13,-13,-17,-19,-11,-6,-9,-4,-1,-2,-6,-3,0,0,4,9,13,13,15,19,15,17,13,13,15,14,12,14,13,7,4,2,-3,-6,1,3,4,0,-3,-5,-8,-8,-14,-15,-17,-20,-19,-19,-16,-12,-8,-10,-12,-20,-16,-15,-17,-17,-6,4,5,8,11,10,5,7,7,7,12,10,11,16,18,20,23,27,16,2,4,7,20,23,14,7,1,0,0,-4,-6,-8,-11,-16,-18,-19,-24,-22,-20,-23,-20,-14,-10,-10,-6,-6,-5,-5,-3,0,6,7,5,2,4,9,12,14,11,11,15,18,20,16,15,13,11,13,9,10,14,12,9,6,-1,-6,-4,-8,-13,-14,-18,-23,-23,-20,-16,-19,-20,-21,-22,-21,-21,-23,-14,-10,-7,-5,-2,2,-1,1,1,1,6,11,8,11,14,13,16,21,22,25,24,23,20,17,16,9,7,12,6,1,-4,-6,-16,-17,-14,-19,-18,-13,-12,-15,-16,-16,-18,-17,-16,-16,-15,-16,-18,-14,-7,-3,-2,0,-3,0,7,8,9,9,13,16,16,19,21,19,17,13,15,18,19,16,14,10,5,2,4,5,4,4,1,-4,-2,-12,-19,-22,-22,-19,-19,-17,-16,-23,-23,-23,-23,-16,-12,-12,-13,-12,-11,-5,-7,-6,-2,-2,2,9,11,14,13,13,13,12,11,19,18,24,24,22,19,16,14,10,4,4,-1,-2,-2,-3,-5,-9,-10,-15,-14,-12,-10,-11,-11,-10,-15,-8,-10,-13,-10,-9,-8,-10,-6,-4,-4,-6,-4,-6,-1,4,7,8,6,9,11,17,16,14,16,10,11,10,11,7,7,5,7,5,6,0,-5,-9,-9,-12,-11,-14,-13,-14,-20,-17,-16,-15,-14,-20,-19,-18,-14,-7,-5,0,2,-8,-9,-8,-5,-6,-2,8,7,10,10,17,14,18,17,13,14,16,17,17,17,19,11,9,4,1,7,8,5,-3,1,1,-5,-6,-9,-15,-14,-12,-9,-6,-8,-14,-17,-14,-13,-13,-9,-5,-7,-4,-4,-2,-1,-1,0,4,13,11,14,11,10,5,6,7,11,12,11,10,13,13,13,4,2,5,0,3,-2,-4,-4,-7,-8,-18,-16,-15,-14,-10,-11,-12,-12,-12,-11,-12,-11,-11,-13,-10,-8,-6,-1,-1,-2,4,8,8,13,11,7,9,14,10,8,12,10,8,8,8,8,8,9,13,6,4,2,1,2,0,0,-3,-3,-7,-6,-4,-10,-11,-6,-9,-8,-9,-8,-11,-14,-10,-9,-8,-8,-4,-4,2,4,3,4,7,3,1,6,6,6,10,20,13,9,10,8,7,6,6,5,5,2,-2,1,3,-1,-1,-4,-5,0,0,-5,-10,-9,-10,-13,-7,-8,-9,-11,-13,-14,-9,-11,-12,-9,-6,-5,-3,-3,3,-1,3,7,6,6,6,9,11,10,10,9,9,8,4,6,8,11,12,12,7,3,4,3,1,0,-4,-3,-6,-6,-7,-9,-3,-4,-6,-8,-7,-7,-4,-5,-9,-11,-7,-8,-5,0,-1,5,4,2,-1,2,5,4,2,4,4,8,7,7,6,8,3,3,3,4,3,0,-5,-6,-9,-3,-5,-7,-5,-6,-5,-5,-5,-6,-4,-7,-12,-11,-8,-6,-2,-1,-2,-1,-4,1,2,4,5,1,-2,3,8,6,6,2,-3,-2,2,5,7,4,1,0,2,7,5,2,4,6,5,3,1,-2,0,1,0,0,-1,1,0,0,-5,-9,-4,-13,-13,-11,-7,-1,3,1,-1,-8,-10,-9,-8,-5,1,1,1,4,2,1,2,-1,3,1,5,8,11,8,3,3,2,3,6,5,3,3,1,-2,-9,-8,-10,-8,-5,-5,-2,1,1,-7,-9,-9,-8,-6,0,4,3,-1,-4,-2,-6,-7,-2,1,5,6,5,5,6,0,2,0,-2,3,2,7,8,7,3,-3,-4,0,-1,2,2,0,0,-2,-3,-7,-6,-4,-4,-2,-4,-3,-3,-4,-8,-6,-8,-9,-3,0,-1,-1,1,4,3,5,5,-1,1,6,-3,1,4,3,-2,3,-1,-1,1,-2,-1,1,1,-1,-4,-4,-12,-18,-12,-7,-8,-9,-6,-5,-3,1,-3,-7,-6,-8,-7,-2,3,-3,-1,-1,-2,-4,-3,1,6,6,3,-2,4,6,0,0,2,0,1,-1,3,-2,1,5,3,6,10,5,3,5,2,0,-1,-1,-3,-1,2,-1,-2,-3,-9,-11,-8,-11,-15,-13,-9,-4,-3,3,-1,-3,1,-1,0,2,-3,-1,3,3,1,2,3,2,3,4,2,6,6,3,-2,3,4,2,1,-2,-1,-8,-7,-4,-7,-9,-9,-8,-5,-6,-4,-1,0,-6,-4,-7,-8,-5,-5,-4,-6,-3,-3,-10,-5,3,0,4,7,8,5,6,6,3,4,4,1,6,6,5,4,2,0,3,7,4,-1,4,3,5,5,4,-3,-8,-8,-8,-9,-7,-5,-1,-5,-9,-13,-11,-8,-8,-5,-2,-3,1,-4,-8,-9,-7,-5,-1,2,1,0,2,8,11,11,10,8,8,7,10,9,7,6,1,-1,-4,-9,-13,-9,-3,-4,-4,-7,-11,-14,-11,-10,-4,-2,-7,-5,-7,-5,-10,-8,-1,-6,-6,-8,-6,-3,-2,3,-4,6,8,0,5,4,7,10,12,9,4,2,0,2,9,7,6,6,4,2,-2,-2,0,-1,-5,-4,-2,1,4,0,-8,-9,-10,-11,-5,-6,-12,-17,-9,-4,-1,0,-1,-4,-6,-8,-14,-9,-3,1,0,2,-1,4,6,10,8,4,4,2,0,5,4,2,1,4,0,-8,-2,6,19,23,9,4,-4,-10,-13,-14,-13,-15,-15,-14,-14,-11,-14,-11,-7,-6,-8,-5,-5,-2,0,-2,0,2,-2,-7,-5,0,5,9,13,12,10,9,11,8,11,12,10,11,8,4,1,4,5,2,-1,0,0,-5,-8,-9,-3,0,-5,-9,-9,-14,-12,-10,-9,-11,-14,-18,-23,-25,-14,-9,-5,2,6,0,3,4,2,4,3,3,1,3,0,1,5,9,11,7,6,9,13,11,2,2,5,2,-5,-5,-2,-2,-9,-9,-6,-4,-1,-7,-6,-4,-9,-10,-7,-7,-10,-10,-6,-8,-1,-4,-6,-4,-3,-7,-3,3,5,1,4,5,5,6,7,11,9,12,11,8,11,10,11,12,5,3,-5,1,5,3,6,2,-1,-3,-5,-13,-17,-11,-14,-11,-9,-11,-13,-11,-10,-12,-5,0,2,-1,-2,-2,-4,-2,1,3,3,2,-1,4,2,4,6,6,7,7,10,6,3,4,11,10,5,5,6,2,-3,-6,-3,-1,-4,-2,-2,-4,-8,-9,-10,-8,-7,-9,-9,-7,-5,-4,-7,-6,-4,-5,-1,1,0,2,5,5,2,4,6,8,11,5,11,13,13,13,13,10,4,2,6,9,8,5,1,1,-2,-2,-2,-1,2,-3,-1,-1,1,-3,-2,-7,-14,-15,-12,-11,-7,-6,-4,-6,0,0,0,-1,0,0,3,5,5,4,3,3,7,7,5,9,13,14,8,6,8,7,0,2,2,4,6,-2,-9,0,-1,-4,-4,0,-3,-6,-7,-6,-8,-10,-7,-5,-4,-2,-3,-3,2,-3,-11,-11,-5,-8,-7,-3,1,8,11,8,2,3,7,11,12,14,18,9,7,3,3,5,10,10,6,3,2,0,-3,-3,-2,-4,-8,-3,-6,-12,-8,-12,-13,-14,-14,-17,-15,-12,-7,-7,-4,1,0,-2,-6,-3,-5,1,6,8,2,1,4,4,8,5,-2,5,10,6,-1,1,0,-1,-1,1,3,3,3,1,1,0,-10,-6,-9,-9,-14,-17,-10,-5,-1,-1,-10,-8,-12,-17,-11,-6,-4,-7,-9,-8,-6,-3,-2,-2,3,3,5,4,7,3,-1,1,4,4,5,7,5,8,9,5,7,5,0,-4,-2,-2,1,3,1,1,-5,-7,-8,-10,-11,-11,-16,-7,-3,-11,-15,-11,-10,-10,-9,-8,-6,-4,-6,-6,-4,0,4,3,1,2,-4,-5,-2,5,8,4,6,8,4,3,5,12,10,9,5,3,1,-2,1,2,3,-2,-10,-13,-11,-13,-12,-13,-11,-7,-8,-13,-14,-11,-15,-13,-7,-7,-7,-3,2,1,2,3,4,1,3,-1,-1,2,8,10,12,10,10,10,13,9,10,12,9,4,5,4,-6,-8,-9,-12,-11,-3,0,-6,-12,-15,-14,-9,-4,-3,-8,-8,-12,-11,-8,-8,-11,-10,-14,-12,-11,-7,-5,4,1,-6,-7,-1,1,5,11,8,0,-3,3,7,12,11,11,16,16,6,5,7,1,-2,-4,0,-1,-4,-4,-6,-6,-7,-6,-10,-8,-13,-13,-9,-2,-3,-10,-12,-14,-15,-8,-5,1,1,-1,-10,-5,-4,-6,-5,1,6,8,9,9,10,8,7,7,2,0,-1,3,2,5,4,7,9,7,3,-1,-4,-3,1,0,-3,-7,-14,-17,-11,-13,-13,-10,-20,-26,-19,-16,-12,-12,-9,-4,-4,-8,-7,-3,-2,-2,-4,0,7,10,9,9,9,8,6,7,8,11,11,16,19,18,9,2,3,-1,-1,2,4,7,4,-2,-6,-12,-14,-13,-5,-3,-2,-9,-11,-13,-14,-18,-14,-14,-17,-15,-16,-10,-11,-12,-14,-6,-2,-1,1,5,5,5,7,8,8,5,5,2,1,1,12,14,15,14,7,7,9,7,6,3,-2,-4,-3,-5,-5,-2,-6,-14,-16,-15,-18,-17,-15,-14,-19,-19,-18,-20,-18,-13,-8,-6,-5,-10,-11,-7,-4,0,6,10,10,11,10,5,6,6,6,11,13,17,15,16,13,6,7,6,6,4,6,5,7,3,-1,-5,-7,-12,-14,-14,-13,-14,-14,-13,-16,-22,-23,-19,-14,-10,-4,-3,-5,-6,-8,-1,4,4,3,4,5,3,-1,1,-2,6,8,10,8,12,14,15,18,16,10,6,-1,-1,-2,0,1,-2,-6,-10,-18,-22,-23,-17,-13,-13,-12,-14,-14,-15,-18,-16,-11,-12,-5,-4,-6,-12,-11,-8,3,6,2,7,7,8,10,13,16,14,11,8,8,13,13,12,15,13,6,4,3,3,2,-1,0,-3,-12,-15,-18,-21,-19,-24,-23,-21,-22,-22,-18,-17,-16,-11,-8,-11,-7,-2,-5,0,2,0,-2,-1,-9,-2,4,11,16,16,16,15,20,15,12,6,6,8,8,4,0,-2,-3,-1,-5,-11,-14,-12,-15,-17,-21,-20,-19,-17,-20,-20,-18,-19,-16,-6,1,-6,-8,-8,-10,-5,1,0,10,8,3,2,8,14,10,12,12,15,12,13,12,5,4,5,8,8,3,1,0,1,-5,-8,-4,-5,-12,-14,-16,-23,-19,-18,-9,-8,-6,-7,-14,-8,-9,-5,-9,-10,-13,-6,0,5,10,17,10,5,-12,-9,6,13,38,31,23,18,14,13,8,8,8,3,1,0,-1,-2,-11,-8,-12,-21,-25,-28,-26,-31,-34,-34,-30,-26,-31,-26,-18,-13,-11,-7,-5,-8,-8,-4,-2,10,14,12,8,10,16,16,21,27,25,27,21,19,19,20,20,20,19,12,3,-3,-4,-5,-5,-7,-12,-18,-22,-27,-32,-29,-31,-31,-31,-29,-33,-32,-26,-26,-24,-24,-21,-17,-15,-9,-6,5,14,11,14,15,15,16,16,23,34,41,42,39,35,35,34,28,27,20,15,10,3,0,-7,-10,-10,-21,-29,-40,-46,-46,-42,-39,-41,-41,-41,-44,-43,-38,-32,-29,-32,-35,-29,-21,-17,-6,5,12,13,17,21,25,31,40,46,46,43,39,39,40,42,46,41,35,27,20,14,10,6,-2,-4,-6,-15,-25,-33,-40,-45,-52,-54,-54,-53,-54,-57,-59,-56,-50,-48,-40,-33,-30,-26,-11,-7,3,7,6,12,23,32,36,45,54,58,56,56,60,56,56,54,49,47,43,34,24,19,10,0,-8,-14,-17,-30,-44,-52,-53,-56,-65,-62,-62,-68,-73,-72,-66,-62,-58,-51,-47,-40,-32,-29,-16,-4,2,14,23,29,30,32,39,46,57,63,68,74,72,64,61,61,61,54,50,41,33,22,14,7,1,-8,-17,-26,-33,-45,-51,-59,-59,-71,-77,-73,-78,-76,-74,-74,-73,-62,-57,-52,-37,-32,-23,-15,-4,9,23,31,39,43,55,60,61,66,70,72,70,68,69,65,61,51,44,36,31,22,15,10,-3,-15,-25,-36,-40,-48,-57,-59,-56,-63,-78,-86,-83,-82,-83,-83,-78,-67,-64,-56,-44,-23,-18,-10,3,12,18,25,37,44,50,60,67,67,80,83,86,92,89,83,75,64,55,48,40,26,18,8,-1,-12,-15,-26,-38,-49,-55,-68,-73,-81,-86,-90,-92,-89,-90,-82,-74,-70,-69,-64,-54,-47,-26,-10,-5,6,11,23,38,56,65,66,66,66,70,77,79,82,80,75,68,64,61,53,50,48,35,22,13,-2,-21,-34,-38,-49,-57,-63,-73,-80,-86,-90,-95,-88,-88,-91,-90,-83,-76,-67,-56,-45,-38,-26,-11,0,13,24,28,39,50,60,67,77,85,95,100,97,91,84,77,69,69,68,55,41,31,16,3,-6,-7,-19,-26,-41,-53,-66,-69,-79,-78,-81,-95,-101,-105,-109,-98,-85,-72,-65,-60,-49,-43,-35,-24,-7,8,21,30,43,52,58,63,71,85,85,85,88,86,86,77,75,71,69,56,40,31,23,7,0,-5,-11,-28,-43,-52,-61,-76,-79,-80,-79,-85,-94,-97,-96,-88,-81,-67,-63,-60,-51,-44,-29,-16,-6,4,13,24,37,52,62,67,72,78,85,90,90,90,90,92,84,77,63,60,48,39,29,23,7,-11,-20,-31,-44,-57,-66,-72,-74,-90,-102,-101,-101,-96,-89,-85,-81,-73,-67,-58,-48,-40,-27,-18,-7,3,10,20,33,39,49,53,60,66,71,79,85,88,87,82,80,72,65,53,54,43,27,20,13,-2,-10,-25,-36,-50,-56,-67,-76,-75,-79,-89,-90,-86,-85,-89,-86,-77,-71,-60,-54,-47,-40,-23,-10,-2,10,19,27,42,45,55,66,71,77,87,88,83,82,82,75,72,65,58,42,36,29,17,13,2,-10,-22,-30,-38,-56,-64,-73,-77,-69,-71,-78,-80,-84,-88,-85,-77,-72,-66,-54,-49,-41,-28,-18,-9,-1,9,23,33,38,47,64,74,73,73,77,78,75,68,74,74,70,58,49,40,30,19,10,5,-4,-22,-35,-35,-39,-44,-52,-61,-69,-71,-81,-83,-82,-79,-81,-72,-61,-61,-59,-50,-42,-28,-16,-7,0,10,22,29,40,52,56,65,71,75,71,70,71,73,75,67,57,48,48,37,31,29,14,10,-3,-19,-27,-37,-51,-52,-54,-62,-72,-77,-74,-72,-68,-69,-69,-72,-71,-56,-47,-43,-34,-25,-18,-10,-5,2,16,25,34,37,48,56,62,60,63,69,73,72,65,67,63,53,43,37,33,21,16,3,-10,-16,-22,-26,-31,-40,-48,-58,-58,-64,-65,-60,-60,-65,-70,-69,-68,-60,-51,-44,-37,-29,-23,-16,-6,7,18,27,35,38,41,43,49,54,63,66,67,68,58,50,47,49,45,39,39,23,6,-6,-18,-23,-17,-22,-27,-33,-38,-49,-54,-52,-57,-63,-70,-70,-71,-69,-62,-53,-44,-34,-30,-31,-23,-16,-4,7,13,17,28,35,38,44,53,56,57,57,58,53,52,50,52,51,47,37,24,17,10,2,-1,-7,-16,-31,-38,-37,-40,-43,-49,-51,-50,-57,-65,-61,-57,-48,-45,-40,-40,-36,-28,-22,-16,-3,3,12,16,18,19,23,31,37,42,49,54,53,49,46,49,56,55,47,37,26,18,9,12,9,-2,-10,-16,-25,-28,-28,-27,-31,-40,-50,-51,-49,-54,-54,-49,-49,-42,-46,-45,-39,-32,-20,-16,-10,0,4,3,6,21,29,34,37,36,40,39,42,48,52,50,40,36,34,29,22,17,14,10,5,1,-9,-14,-17,-20,-22,-25,-26,-35,-47,-45,-41,-44,-43,-42,-39,-40,-40,-40,-36,-29,-19,-8,-6,-6,-2,11,22,20,22,38,38,70,59,51,45,42,39,36,37,35,27,24,20,14,18,13,9,-2,-12,-10,-10,-14,-17,-26,-36,-47,-53,-55,-52,-45,-39,-39,-46,-47,-46,-38,-29,-26,-25,-20,-11,-4,1,6,12,22,26,28,33,42,42,48,51,46,39,32,27,23,23,19,21,21,14,1,-9,-11,-5,-10,-13,-17,-24,-36,-40,-38,-32,-33,-36,-36,-34,-39,-37,-38,-31,-23,-18,-15,-12,-10,-3,8,12,16,14,13,19,22,26,29,33,37,39,37,37,27,26,24,16,27,25,19,8,3,3,-2,-3,-9,-17,-24,-31,-33,-39,-39,-31,-25,-28,-34,-38,-39,-35,-21,-14,-19,-21,-22,-17,-16,-11,1,9,13,12,18,25,26,26,29,37,34,28,25,21,21,21,24,24,17,12,2,-1,-2,2,2,-5,-8,-23,-34,-38,-33,-29,-25,-26,-29,-30,-33,-35,-27,-18,-13,-16,-9,-7,-8,-2,5,7,15,12,16,18,18,20,23,32,35,34,32,21,14,15,12,23,27,21,14,6,2,1,3,-1,-9,-24,-33,-36,-34,-33,-27,-24,-27,-32,-31,-35,-31,-23,-25,-22,-24,-23,-16,-14,-6,1,10,13,9,7,8,14,18,23,29,31,30,22,19,22,20,22,21,24,16,2,-1,-3,-2,-2,-6,-12,-18,-20,-24,-21,-16,-14,-14,-15,-22,-30,-32,-27,-23,-18,-15,-15,-9,-10,-11,-6,6,8,10,13,12,9,17,23,27,36,30,21,11,10,14,23,29,27,17,10,7,3,2,1,-4,-9,-13,-17,-20,-24,-22,-24,-21,-14,-26,-40,-38,-33,-23,-20,-18,-18,-20,-21,-17,-6,2,4,6,9,8,7,7,13,16,24,20,22,23,19,16,16,18,23,20,15,11,7,4,1,0,2,-2,-14,-16,-14,-17,-14,-11,-9,-19,-27,-31,-27,-28,-23,-19,-12,-15,-19,-20,-15,-6,4,12,11,11,8,3,7,15,18,16,17,17,7,16,25,29,31,27,23,18,12,7,3,-1,-1,-3,-8,-13,-16,-23,-24,-24,-27,-28,-29,-27,-32,-36,-37,-28,-21,-21,-21,-17,-11,-9,-11,-2,9,10,10,13,10,14,16,21,24,30,27,27,28,26,25,20,19,19,13,8,9,8,1,-3,-2,0,-5,-15,-20,-19,-21,-21,-20,-21,-21,-25,-24,-27,-19,-19,-22,-18,-16,-15,-12,-6,1,2,6,8,7,7,17,25,21,19,19,13,18,28,29,32,27,22,19,19,13,7,5,-6,-9,-9,-11,-14,-12,-19,-26,-25,-32,-33,-25,-25,-32,-32,-30,-26,-26,-27,-25,-21,-15,-12,-9,0,10,11,7,10,14,14,20,27,27,31,33,32,30,26,22,18,21,19,16,12,10,6,1,-4,-4,0,-5,-15,-19,-21,-24,-25,-23,-29,-35,-32,-33,-29,-26,-21,-21,-18,-14,-11,-9,-3,0,2,3,11,15,15,10,7,10,19,29,34,31,27,23,22,27,27,28,26,20,9,5,1,-3,-2,-4,-13,-17,-25,-36,-33,-27,-22,-26,-33,-37,-37,-39,-34,-28,-21,-23,-24,-18,-12,-8,-7,-1,4,6,7,11,18,21,24,28,33,38,33,30,30,32,32,28,24,27,16,5,-3,1,-1,-4,-2,0,-6,-17,-20,-23,-27,-27,-27,-28,-33,-33,-31,-29,-26,-23,-24,-22,-20,-20,-15,-5,4,9,11,14,12,10,14,13,25,35,38,37,32,34,30,29,29,25,23,16,9,6,10,10,4,-3,-13,-26,-33,-36,-32,-26,-30,-32,-33,-34,-36,-35,-32,-26,-26,-26,-26,-25,-24,-20,-17,-6,13,13,13,15,17,20,25,30,30,32,33,28,26,29,30,31,32,26,15,16,15,12,9,5,4,-1,-9,-8,-13,-12,-12,-20,-25,-26,-33,-38,-34,-32,-31,-27,-28,-28,-26,-24,-16,-10,-7,-4,-4,0,8,3,4,14,13,23,32,34,35,38,39,45,44,33,25,18,18,13,13,16,6,-1,-7,-17,-24,-24,-24,-24,-24,-29,-37,-37,-35,-34,-27,-21,-22,-25,-31,-32,-24,-21,-15,-13,-8,-3,-6,-2,11,21,22,27,23,20,17,20,23,31,38,39,32,31,25,20,18,20,16,12,10,4,-1,-3,-10,-5,-9,-15,-21,-26,-31,-34,-31,-27,-22,-21,-26,-33,-38,-31,-23,-17,-5,-5,1,-1,-8,-6,2,5,17,19,24,22,23,25,32,38,37,35,27,25,20,20,20,21,16,8,1,-12,-23,-18,-10,-11,-14,-19,-25,-29,-34,-32,-29,-24,-29,-31,-31,-27,-24,-24,-16,-12,-11,-13,-17,-13,-2,11,18,21,18,14,16,24,26,34,39,40,34,25,23,21,21,24,23,22,16,8,-5,-9,-9,-9,-7,-7,-9,-17,-22,-26,-26,-19,-23,-26,-29,-36,-39,-33,-25,-15,-17,-14,-25,-27,-20,-13,-2,10,22,22,21,27,28,30,32,31,33,27,17,18,17,20,20,16,14,6,-6,-4,-2,0,2,-3,-8,-14,-27,-34,-28,-22,-16,-22,-24,-31,-33,-30,-27,-21,-16,-20,-22,-17,-16,-11,-10,0,5,12,12,13,15,16,21,27,35,33,33,28,7,4,-5,0,61,34,13,2,-7,-7,-9,-9,-7,-14,-22,-27,-26,-24,-23,-27,-35,-38,-40,-39,-42,-36,-25,-27,-25,-30,-39,-32,-26,-15,-1,6,6,4,5,8,9,18,26,28,28,26,29,28,29,30,27,29,18,8,1,8,17,13,9,3,-11,-15,-20,-18,-9,-3,-11,-20,-23,-28,-33,-24,-21,-25,-26,-27,-32,-31,-27,-22,-9,-4,-9,-9,-7,-1,6,17,28,29,27,29,18,18,25,27,24,28,25,18,16,17,18,18,18,14,4,-1,-9,-13,-7,-3,-4,-7,-17,-28,-31,-27,-22,-24,-22,-20,-22,-28,-28,-39,-25,-12,-6,2,1,1,1,4,8,13,12,12,7,11,18,23,38,36,30,21,14,11,15,17,15,15,14,13,-1,-7,-4,2,-2,-3,-6,-9,-16,-24,-27,-24,-19,-20,-17,-15,-18,-18,-18,-12,-13,-18,-24,-23,-15,-11,-6,5,4,7,2,1,7,13,20,26,28,25,21,17,18,27,24,22,28,21,18,11,12,11,5,1,2,-7,-9,-13,-12,-8,-7,-13,-22,-34,-41,-37,-34,-21,-13,-13,-6,-10,-8,-9,-7,-1,3,3,5,1,3,5,14,18,16,15,6,1,9,18,20,14,12,10,8,5,7,16,21,17,10,5,-1,-9,-16,-14,-8,-8,-13,-17,-18,-22,-23,-23,-19,-20,-20,-16,-21,-14,-11,-4,-3,-1,1,4,2,7,15,18,15,14,11,11,14,21,25,24,29,23,13,6,3,2,9,7,2,-3,-3,-4,-4,-4,-11,-6,2,-12,-22,-29,-34,-31,-15,-1,-1,-5,-6,-9,0,6,7,6,1,0,-6,-4,3,3,7,9,-2,-10,-7,3,13,18,17,13,12,11,4,0,9,7,2,-1,-3,-1,-1,-3,-6,2,3,0,0,-4,-10,-12,-8,-4,-11,-11,-11,-9,-5,-7,-1,6,2,5,2,5,6,6,12,11,5,8,5,4,5,5,5,9,14,11,5,-1,-2,-5,-5,1,-2,0,1,-7,-10,-8,-13,-9,-10,-15,-22,-25,-14,1,13,14,9,-5,-1,3,7,15,15,12,10,9,8,1,2,4,0,7,1,-4,2,0,-4,-9,-7,-6,-3,-5,-2,-2,-2,-7,-11,-10,-7,-11,-11,-1,5,2,-3,-6,-11,-7,-2,-2,3,7,0,1,6,6,6,11,14,11,11,15,16,15,12,10,6,7,1,3,0,-1,2,5,5,-1,-8,-10,-9,-8,-5,-6,-6,-8,-11,-17,-17,-13,-15,-10,-5,2,-9,-17,-13,-19,-5,10,14,12,11,7,9,14,14,16,14,9,8,13,15,19,17,15,17,7,-2,-3,2,8,3,-4,-7,-11,-19,-28,-17,-6,-8,-11,-22,-23,-30,-27,-18,-12,-3,-9,-19,-14,-12,-10,-4,4,5,3,0,2,11,18,20,23,19,14,8,17,23,30,33,33,27,20,12,8,7,12,8,9,8,5,-1,-7,-8,-12,-11,-13,-17,-22,-27,-32,-29,-22,-23,-28,-32,-31,-33,-17,-5,0,10,3,0,-2,2,9,9,15,19,19,23,27,28,28,30,29,24,22,18,21,18,17,18,19,17,5,0,-1,-12,-17,-19,-21,-28,-30,-30,-31,-24,-26,-26,-27,-30,-33,-39,-28,-21,-24,-21,-15,-10,-8,-2,4,1,12,12,14,22,27,33,36,40,42,45,42,43,37,38,32,28,25,22,18,13,10,5,2,-2,-10,-16,-22,-30,-36,-36,-38,-46,-50,-49,-51,-38,-33,-31,-32,-24,-21,-22,-15,-8,-3,3,11,17,19,31,34,35,39,39,35,31,31,36,33,33,27,21,20,13,19,26,24,16,8,5,-6,-15,-16,-22,-21,-26,-36,-45,-49,-49,-52,-46,-39,-43,-41,-39,-36,-39,-31,-19,-16,-10,-5,-1,10,20,29,31,39,40,39,47,43,54,59,59,55,45,41,34,32,33,27,20,13,4,0,-5,-3,-4,-14,-18,-32,-31,-41,-52,-65,-65,-59,-51,-42,-35,-40,-36,-31,-26,-23,-17,-11,-11,-5,1,7,19,27,28,27,32,32,39,47,50,45,41,41,41,34,37,34,36,34,21,15,14,8,-2,-11,-11,-20,-29,-34,-46,-47,-48,-43,-45,-44,-51,-59,-58,-52,-46,-36,-30,-24,-29,-24,-14,-3,8,16,20,24,27,32,37,47,55,56,56,52,48,50,54,53,47,47,37,34,28,21,12,8,2,-7,-13,-21,-37,-42,-44,-35,-36,-30,-38,-50,-54,-51,-52,-45,-40,-42,-43,-40,-35,-29,-19,-7,-1,13,7,6,11,27,38,40,44,49,46,47,49,53,54,50,43,40,36,24,20,26,29,25,16,5,-10,-18,-24,-30,-32,-38,-42,-52,-57,-56,-59,-54,-51,-48,-45,-42,-35,-29,-26,-22,-14,-3,-3,0,5,20,27,40,47,48,44,42,47,49,57,59,60,56,52,42,38,35,27,22,24,13,-2,-16,-19,-28,-23,-19,-27,-33,-43,-52,-51,-49,-52,-49,-42,-53,-60,-53,-51,-39,-28,-21,-14,-14,-8,1,14,21,26,31,39,34,33,46,50,58,50,51,53,54,47,38,39,42,38,23,13,7,6,1,-27,-20,-13,-13,36,-5,-35,-48,-58,-54,-57,-66,-73,-68,-63,-56,-47,-35,-33,-29,-25,-17,-5,5,14,28,34,34,36,36,41,45,59,56,57,60,50,44,47,55,56,48,42,30,24,6,-11,-20,-22,-21,-21,-27,-35,-36,-39,-43,-39,-45,-57,-59,-64,-59,-53,-48,-47,-40,-36,-34,-28,-23,-14,3,12,17,22,29,36,39,40,48,58,59,56,54,51,52,48,53,51,43,34,24,16,16,8,6,-3,-13,-25,-42,-44,-45,-41,-48,-51,-51,-56,-59,-56,-52,-49,-46,-42,-43,-43,-40,-34,-17,-1,10,20,20,20,24,34,38,46,51,57,58,65,61,64,64,70,57,49,43,27,19,15,10,6,6,0,-9,-21,-19,-27,-29,-32,-41,-47,-53,-62,-66,-61,-55,-54,-54,-62,-62,-61,-50,-32,-14,-5,-1,4,11,9,14,33,52,56,52,49,51,59,69,68,75,69,53,34,29,32,35,33,33,28,11,-3,-13,-21,-19,-22,-25,-30,-38,-55,-65,-63,-63,-63,-53,-57,-59,-57,-61,-56,-44,-37,-30,-24,-19,-15,-6,12,30,42,48,44,41,48,60,59,63,68,61,62,64,66,64,69,64,53,50,38,29,18,5,-6,-13,-17,-27,-39,-53,-64,-72,-75,-76,-74,-73,-75,-86,-81,-76,-66,-61,-58,-47,-43,-39,-25,-15,-1,11,17,33,37,44,49,69,84,83,91,96,92,89,86,87,84,84,80,71,60,43,28,16,11,-1,-20,-35,-49,-60,-65,-77,-85,-91,-98,-107,-111,-109,-109,-107,-97,-91,-88,-88,-75,-60,-44,-18,-2,23,33,35,50,63,87,115,137,145,148,150,152,151,153,152,145,123,104,81,58,47,30,9,-14,-44,-68,-94,-108,-122,-140,-149,-159,-172,-189,-200,-200,-190,-174,-164,-150,-130,-114,-90,-65,-30,4,31,66,92,116,144,167,197,217,228,230,234,229,225,224,222,207,181,151,117,80,45,7,-21,-55,-95,-134,-170,-200,-225,-241,-251,-264,-277,-284,-282,-272,-256,-229,-207,-183,-146,-111,-72,-28,17,63,107,140,175,215,248,287,320,343,354,360,354,342,320,296,267,237,199,154,101,46,-3,-59,-116,-157,-208,-269,-311,-266,-317,-379,-407,-423,-433,-428,-423,-392,-349,-305,-259,-211,-153,-94,-39,20,90,155,214,271,325,370,405,432,459,474,474,474,466,450,411,363,324,274,214,148,74,2,-73,-144,-206,-270,-332,-390,-441,-481,-516,-537,-551,-555,-550,-528,-499,-456,-410,-356,-294,-228,-157,-83,-1,80,159,239,311,379,446,507,542,571,596,608,628,634,611,581,541,490,429,361,284,200,112,20,-71,-161,-244,-328,-407,-477,-541,-603,-646,-678,-694,-704,-703,-690,-666,-623,-569,-505,-425,-342,-253,-167,-74,16,115,218,307,405,493,559,622,676,638,695,752,783,792,780,744,693,637,571,491,401,309,202,83,-30,-138,-241,-321,-364,-503,-615,-706,-783,-837,-871,-898,-904,-890,-869,-827,-776,-705,-616,-531,-435,-327,-214,-97,31,160,282,397,509,611,675,708,822,911,970,1012,1038,1037,1010,965,906,832,750,649,529,403,271,133,-4,-144,-279,-354,-501,-669,-815,-930,-1017,-1075,-1128,-1171,-1192,-1189,-1168,-1125,-1060,-971,-870,-760,-638,-494,-339,-182,-12,159,327,482,630,698,854,1014,1141,1246,1316,1357,1384,1378,1356,1310,1239,1148,1039,907,751,575,407,231,44,-148,-335,-454,-684,-884,-1060,-1209,-1335,-1441,-1525,-1576,-1610,-1611,-1576,-1514,-1425,-1314,-1188,-1037,-862,-671,-468,-251,-28,204,416,626,748,973,1197,1395,1549,1669,1748,1799,1836,1837,1803,1737,1633,1503,1343,1159,962,741,509,266,10,-248,-442,-709,-969,-1203,-1415,-1602,-1764,-1894,-1991,-2047,-2065,-2043,-1996,-1917,-1800,-1650,-1476,-1276,-1044,-784,-517,-247,37,314,593,778,1068,1356,1597,1803,1967,2094,2185,2245,2265,2253,2200,2100,1958,1787,1588,1365,1118,845,549,243,-75,-365,-616,-950,-1252,-1523,-1766,-1973,-2151,-2295,-2395,-2449,-2452,-2420,-2348,-2245,-2098,-1911,-1688,-1431,-1147,-849,-543,-229,99,428,719,1016,1360,1664,1914,2132,2310,2452,2550,2611,2616,2578,2493,2360,2198,1997,1765,1500,1203,874,530,187,-155,-433,-768,-1135,-1464,-1760,-2026,-2257,-2445,-2587,-2683,-2733,-2728,-2674,-2595,-2477,-2307,-2085,-1829,-1549,-1247,-916,-572,-217,147,513,798,1147,1504,1822,2096,2328,2519,2671,2780,2838,2844,2797,2704,2569,2390,2176,1927,1636,1313,974,617,249,-127,-444,-796,-1183,-1535,-1855,-2137,-2385,-2587,-2740,-2851,-2911,-2924,-2889,-2805,-2673,-2498,-2273,-2011,-1721,-1408,-1061,-700,-312,81,470,779,1144,1523,1862,2163,2421,2636,2803,2921,2992,3009,2981,2904,2773,2594,2376,2110,1817,1501,1157,784,394,-5,-369,-706,-1130,-1517,-1862,-2171,-2440,-2668,-2844,-2978,-3062,-3105,-3083,-3013,-2893,-2714,-2495,-2235,-1945,-1617,-1255,-869,-472,-72,337,704,1050,1468,1843,2170,2462,2695,2891,3040,3142,3188,3176,3111,2998,2832,2618,2357,2061,1727,1359,972,570,157,-264,-587,-1033,-1452,-1837,-2181,-2480,-2738,-2946,-3111,-3218,-3261,-3259,-3206,-3099,-2939,-2733,-2466,-2156,-1806,-1437,-1041,-631,-212,216,633,962,1400,1807,2170,2482,2754,2974,3152,3266,3334,3333,3283,3179,3025,2820,2558,2247,1901,1528,1130,711,281,-157,-525,-968,-1411,-1808,-2175,-2507,-2786,-3013,-3192,-3322,-3395,-3401,-3351,-3245,-3084,-2867,-2603,-2308,-1967,-1590,-1179,-757,-324,124,559,900,1360,1782,2164,2507,2788,3031,3210,3339,3411,3428,3389,3292,3136,2924,2666,2359,2010,1636,1232,815,372,-80,-469,-900,-1358,-1774,-2160,-2493,-2779,-3020,-3212,-3339,-3417,-3445,-3405,-3308,-3149,-2934,-2672,-2366,-2028,-1656,-1255,-829,-381,68,501,849,1287,1719,2106,2447,2737,2980,3164,3297,3379,3401,3376,3291,3139,2937,2692,2401,2068,1687,1293,877,447,6,-403,-798,-1258,-1683,-2061,-2396,-2688,-2937,-3138,-3276,-3363,-3380,-3348,-3253,-3109,-2920,-2683,-2397,-2067,-1704,-1305,-890,-463,-33,396,760,1159,1594,1985,2330,2622,2866,3062,3204,3298,3336,3308,3225,3092,2908,2673,2391,2070,1722,1345,935,516,86,-326,-675,-1126,-1535,-1916,-2247,-2545,-2797,-2992,-3127,-2652,-1989,-1526,-1202,-977,-788,-640,-521,-416,-321,-231,-144,-61,29,115,201,279,355,430,499,554,602,640,669,722,743,718,688,646,601,552,493,433,359,283,200,111,18,-74,-159,-242,-322,-456,-502,-548,-587,-618,-647,-661,-667,-662,-648,-620,-587,-543,-492,-429,-360,-286,-212,-123,-36,52,144,229,309,381,442,501,554,594,628,652,658,654,642,616,580,539,491,429,364,290,209,120,34,-49,-132,-210,-283,-355,-419,-476,-523,-570,-609,-632,-643,-641,-629,-605,-570,-527,-474,-420,-358,-285,-203,-129,-50,25,105,183,264,340,402,462,512,552,581,603,617,618,607,588,563,522,475,419,354,282,202,125,49,-23,-101,-183,-254,-322,-385,-442,-494,-538,-570,-590,-596,-593,-584,-571,-546,-506,-459,-401,-342,-283,-211,-137,-59,23,95,167,238,307,377,434,474,512,547,572,583,588,576,555,526,489,451,397,335,271,205,132,67,-1,-83,-157,-233,-303,-360,-410,-459,-494,-527,-546,-556,-561,-555,-536,-512,-472,-429,-380,-325,-264,-203,-137,-64,7,79,148,213,277,334,390,436,478,508,527,541,541,533,518,490,460,418,365,311,253,193,132,62,-7,-73,-143,-209,-265,-318,-367,-413,-450,-480,-502,-516,-519,-506,-495,-471,-434,-393,-351,-297,-244,-184,-118,-57,8,69,131,195,252,308,354,399,432,459,480,488,486,483,468,448,416,381,339,288,241,187,126,66,3,-63,-122,-187,-240,-290,-338,-373,-409,-439,-456,-464,-464,-456,-441,-416,-394,-362,-318,-279,-230,-177,-125,-66,-6,49,107,165,226,279,322,362,396,420,432,439,437,436,423,404,378,345,305,263,217,171,116,56,4,-50,-108,-154,-205,-250,-294,-335,-369,-394,-408,-412,-412,-412,-401,-379,-359,-326,-286,-245,-199,-153,-106,-56,-3,52,103,153,202,248,284,316,341,362,382,392,394,388,380,369,345,317,283,244,195,151,98,43,-5,-51,-98,-143,-191,-233,-269,-299,-327,-347,-359,-371,-365,-359,-348,-341,-318,-293,-257,-217,-175,-132,-84,-39,3,48,91,134,172,213,250,280,304,319,339,350,349,348,340,325,305,279,249,213,177,135,88,43,-4,-48,-87,-124,-159,-198,-233,-260,-283,-306,-323,-329,-327,-320,-309,-297,-279,-256,-227,-195,-161,-127,-81,-40,-2,39,84,122,162,197,228,250,272,285,295,305,306,306,301,284,262,245,218,187,151,108,71,33,-4,-38,-77,-115,-149,-181,-210,-232,-256,-273,-284,-287,-285,-279,-274,-263,-247,-223,-200,-169,-134,-96,-63,-30,6,48,81,114,146,173,195,217,235,258,269,270,268,263,249,240,224,204,183,160,123,94,65,28,-11,-46,-74,-100,-126,-155,-184,-209,-225,-237,-244,-246,-243,-246,-236,-222,-203,-186,-161,-138,-109,-76,-50,-17,12,40,70,101,130,157,178,191,204,218,229,233,232,224,215,206,188,171,150,123,101,74,44,13,-21,-48,-75,-98,-121,-141,-161,-181,-198,-208,-217,-217,-222,-210,-196,-182,-173,-155,-131,-107,-90,-68,-42,-9,16,44,71,98,119,137,155,173,187,193,202,203,198,190,179,170,157,139,117,102,77,53,32,10,-16,-38,-63,-84,-109,-130,-148,-165,-173,-178,-181,-183,-177,-176,-167,-154,-139,-122,-105,-87,-64,-43,-22,1,25,49,71,93,109,122,134,150,161,166,166,162,157,152,143,138,127,110,98,79,52,36,15,-4,-25,-46,-66,-84,-100,-115,-128,-136,-143,-149,-158,-158,-154,-149,-138,-126,-117,-97,-85,-68,-47,-27,-9,8,25,49,69,81,93,111,124,132,142,147,145,148,143,133,131,118,108,88,70,56,38,23,6,-15,-36,-49,-64,-76,-86,-99,-111,-121,-122,-133,-132,-127,-125,-121,-115,-107,-93,-79,-66,-45,-29,-19,0,19,35,50,64,79,90,106,111,116,117,112,119,124,120,117,107,92,79,67,50,39,24,9,-11,-27,-40,-54,-66,-76,-82,-97,-105,-109,-112,-110,-114,-112,-104,-94,-92,-81,-69,-54,-41,-30,-16,2,20,31,43,55,62,75,82,90,101,99,99,98,99,96,90,87,79,72,62,49,41,30,13,-1,-13,-27,-39,-51,-64,-75,-80,-84,-89,-96,-95,-92,-91,-88,-82,-76,-66,-55,-48,-40,-26,-18,1,12,23,36,45,56,69,75,78,80,83,81,88,87,88,84,78,69,60,50,41,34,20,9,-5,-15,-24,-27,-43,-52,-60,-66,-72,-78,-81,-80,-88,-87,-79,-73,-74,-67,-57,-48,-38,-28,-16,1,10,19,37,47,54,60,65,67,74,79,82,83,78,70,67,65,60,55,49,41,30,19,8,5,-4,-19,-31,-38,-44,-54,-65,-72,-72,-76,-75,-74,-74,-67,-68,-67,-60,-51,-41,-31,-21,-10,1,13,26,36,42,42,50,50,49,62,69,71,74,72,73,74,68,64,54,47,37,26,17,6,-7,-13,-19,-28,-46,-57,-62,-57,-62,-67,-74,-72,-67,-69,-65,-57,-55,-54,-47,-37,-27,-22,-14,-7,8,13,22,35,43,52,56,61,68,76,77,74,71,69,63,56,55,50,46,38,30,18,10,0,-10,-20,-27,-36,-42,-47,-53,-60,-64,-67,-67,-64,-65,-61,-59,-60,-50,-44,-38,-27,-18,-10,3,12,14,26,31,34,43,42,50,58,62,65,65,66,63,58,54,51,45,38,28,21,13,10,5,-5,-14,-22,-39,-44,-48,-51,-59,-64,-67,-64,-65,-67,-62,-61,-57,-52,-51,-41,-29,-23,-14,1,13,15,20,29,39,46,49,53,61,63,62,67,61,60,57,52,48,41,41,39,30,23,15,6,1,-12,-21,-28,-36,-43,-51,-56,-58,-59,-57,-61,-61,-57,-56,-54,-48,-45,-40,-30,-25,-16,-7,-1,4,6,14,29,38,45,50,53,58,60,63,62,60,60,58,58,50,42,36,31,23,12,0,-4,-8,-14,-28,-37,-42,-43,-48,-53,-55,-56,-58,-62,-58,-51,-45,-42,-42,-38,-33,-25,-21,-13,-4,6,14,21,25,29,38,40,45,51,53,54,58,59,56,52,47,47,41,40,35,29,22,11,5,4,1,-12,-20,-28,-38,-41,-42,-48,-50,-50,-53,-55,-57,-57,-52,-49,-47,-34,-28,-19,-14,-9,-8,0,5,14,19,27,35,44,50,53,52,55,53,51,48,50,45,44,39,39,25,19,16,11,7,-1,-11,-16,-27,-34,-36,-36,-46,-51,-52,-53,-48,-49,-52,-47,-48,-43,-37,-30,-29,-23,-15,-10,2,6,12,17,25,31,40,41,48,51,51,50,52,52,53,47,47,44,36,28,25,20,17,14,7,-4,-15,-25,-28,-30,-34,-42,-44,-44,-51,-51,-52,-54,-50,-50,-49,-42,-33,-32,-24,-16,-14,-10,-5,4,9,11,21,29,32,38,40,46,49,48,50,50,49,45,42,38,30,24,24,18,13,8,-2,-6,-10,-22,-27,-31,-36,-37,-43,-53,-49,-44,-47,-48,-45,-44,-42,-38,-37,-27,-23,-19,-9,0,3,7,12,22,27,30,32,38,39,39,45,50,52,50,49,43,45,39,31,29,22,14,6,-1,-4,-9,-17,-17,-20,-24,-29,-33,-34,-36,-37,-43,-44,-43,-41,-37,-35,-34,-29,-32,-25,-18,-15,-6,1,7,11,16,18,19,24,27,31,32,36,40,42,40,42,36,31,26,26,25,19,16,7,1,-6,-11,-12,-12,-20,-27,-31,-34,-34,-39,-39,-37,-39,-39,-37,-36,-34,-27,-24,-23,-18,-19,-15,-6,4,14,16,19,22,26,31,34,40,41,38,36,38,39,38,35,34,33,28,25,21,11,8,2,-1,-7,-10,-16,-21,-21,-26,-32,-34,-35,-32,-32,-31,-34,-37,-38,-39,-28,-26,-19,-18,-11,-7,-5,5,8,9,7,15,18,25,31,28,29,34,37,37,33,28,32,29,25,23,22,15,9,3,1,3,-3,-17,-24,-21,-26,-29,-30,-27,-31,-33,-33,-31,-29,-26,-21,-17,-16,-15,-11,-8,-1,2,6,11,12,15,17,20,25,22,24,25,28,30,35,33,33,31,31,23,19,20,13,14,7,7,3,-3,-7,-12,-18,-20,-21,-22,-24,-24,-28,-33,-35,-37,-31,-28,-22,-21,-16,-13,-12,-7,-2,0,-1,-1,5,9,13,17,22,20,26,23,21,21,28,30,28,26,27,28,22,15,16,16,9,7,6,-3,-7,-12,-13,-16,-18,-19,-24,-22,-21,-23,-23,-18,-16,-19,-19,-14,-15,-10,-10,-5,0,2,0,5,9,12,16,18,23,26,23,23,29,29,25,26,27,25,22,16,14,16,16,10,10,5,1,-4,-4,-11,-13,-19,-18,-21,-18,-18,-20,-25,-22,-30,-25,-22,-19,-20,-17,-15,-9,-7,-2,-2,6,9,9,9,11,12,15,17,22,19,15,20,23,28,19,13,12,9,6,7,0,3,7,-3,-6,-7,-7,-9,-10,-9,-19,-23,-24,-20,-15,-12,-11,-12,-16,-16,-20,-13,-7,-6,-6,-4,-7,-4,-3,4,13,14,10,11,17,19,20,22,23,22,21,18,16,15,9,13,10,8,5,1,1,-3,-4,-8,-12,-16,-23,-20,-20,-18,-21,-19,-19,-18,-19,-19,-17,-16,-10,-8,-9,-8,-3,-4,-4,1,6,6,9,10,9,8,8,6,12,20,20,15,15,17,15,10,10,13,11,6,1,-4,-2,-3,-1,-6,-10,-12,-14,-11,-14,-15,-16,-16,-16,-15,-18,-17,-11,-6,-5,-5,-3,-3,-6,-9,-3,-1,4,9,7,8,7,8,9,13,17,21,21,16,18,14,9,13,10,8,5,2,-4,-6,-3,-6,-10,-10,-9,-11,-13,-15,-20,-23,-16,-15,-16,-16,-15,-17,-13,-6,-4,-5,-6,-10,-6,-5,-3,4,10,8,10,9,7,8,15,16,15,14,12,12,6,5,9,10,4,-1,-3,-4,-6,-10,-4,-1,-7,-10,-9,-12,-15,-12,-12,-9,-13,-13,-12,-13,-15,-16,-10,-9,-4,-1,-4,-2,-1,-2,2,5,2,4,5,7,13,19,15,13,10,6,5,6,6,9,9,7,3,-1,0,0,-1,-3,-4,-7,-4,-11,-11,-18,-21,-24,-20,-19,-18,-21,-15,-10,-8,-10,-7,-8,-4,-7,-2,-1,5,6,8,6,6,3,3,8,13,8,8,8,9,11,9,5,9,4,5,6,3,-4,-1,-2,-1,-1,-7,-9,-11,-12,-10,-10,-11,-11,-14,-18,-20,-14,-14,-11,-7,-5,-4,-2,-2,-2,-1,3,2,4,2,2,5,8,6,6,4,11,13,12,13,10,7,8,11,4,3,-2,-3,-2,-1,3,-1,-8,-11,-16,-15,-12,-12,-9,-14,-16,-16,-18,-16,-12,-11,-10,-7,-8,-5,-9,-4,-3,1,1,0,1,0,4,1,3,5,10,9,6,6,10,7,6,6,7,8,10,3,0,3,5,0,-3,-3,-8,-12,-14,-10,-4,-6,-10,-16,-16,-9,-8,-6,-6,-10,-10,-10,-10,-8,-8,-7,-9,-2,-3,-3,2,8,12,12,8,5,1,4,8,9,10,11,10,8,9,10,8,2,-1,1,3,1,-4,-6,-14,-20,-20,-17,-14,-13,-9,-6,-10,-10,-9,-9,-14,-15,-14,-9,-10,-7,-4,-3,-3,-9,-10,-7,0,1,3,3,7,7,5,4,6,8,4,5,7,6,4,1,2,3,1,3,0,-4,-4,-3,-5,-1,-4,-7,-12,-12,-8,-13,-13,-14,-13,-15,-11,-11,-6,-8,-3,-1,-1,3,-1,-2,-2,3,7,8,9,6,6,4,3,6,1,1,0,3,1,2,7,1,0,-3,-4,-4,-6,-3,-5,-7,-6,-8,-8,-8,-7,-10,-12,-13,-12,-10,-11,-13,-9,-3,-6,-3,-6,-7,-3,-2,-3,0,4,3,-3,-5,1,6,6,9,10,9,7,4,1,-3,-4,-3,0,2,2,0,1,0,-1,-7,-4,-4,-6,-7,-9,-12,-6,-6,-5,-9,-6,-7,-10,-7,-6,-4,-4,-2,0,0,4,0,3,6,4,7,8,8,5,1,0,3,3,2,0,0,-6,-4,-2,0,4,3,-2,-3,-8,-15,-12,-9,-8,-5,-6,-6,-10,-13,-14,-12,-13,-14,-14,-6,-7,-11,-8,-1,-1,-3,-1,1,-1,-3,-4,-2,2,-1,-1,1,4,2,1,2,4,5,7,9,13,9,9,7,4,3,2,0,2,2,0,-2,-5,-4,-4,-9,-10,-7,-5,-7,-9,-8,-10,-15,-14,-14,-12,-9,-8,-4,-3,-8,-12,-7,-4,-1,1,1,10,7,3,0,-3,0,5,3,4,6,5,-1,1,2,2,4,5,2,-3,-5,-6,-6,-7,-5,-9,-12,-12,-10,-14,-14,-13,-8,-4,-4,-6,-5,-3,-10,-13,-14,-10,-7,-6,-5,4,4,2,1,1,3,6,5,9,7,3,1,7,8,12,10,8,9,5,4,1,-5,-5,-4,0,-4,-9,-9,-5,-8,-11,-11,-8,-8,-9,-13,-15,-17,-11,-6,-7,-5,-5,-3,-4,-4,-1,-1,-4,-3,-6,-3,-3,1,2,5,7,9,8,9,7,5,5,2,0,3,3,-5,-4,-4,-9,-8,-10,-5,-5,-8,-8,-5,-4,-7,-14,-15,-11,-14,-13,-10,-9,-9,-10,-9,-7,-5,-7,-6,-2,1,2,0,3,4,5,1,2,5,9,4,6,7,8,9,12,11,12,6,5,6,2,3,3,0,-2,-5,-7,-8,-10,-10,-11,-9,-8,-7,-12,-15,-13,-13,-15,-9,-8,-8,-13,-19,-15,-5,-4,-7,-1,5,1,2,-1,3,8,6,8,7,2,4,10,6,7,7,-1,0,3,3,3,2,1,1,-1,-4,-2,-5,-8,-10,-10,-10,-7,-8,-9,-15,-9,-13,-14,-15,-9,-6,-4,-1,2,-3,-5,-3,0,0,3,2,2,1,4,5,7,5,8,6,6,4,2,-2,3,6,6,3,2,0,0,0,-1,2,3,-4,-6,-7,-10,-9,-7,-9,-9,-10,-9,-5,-9,-15,-13,-13,-11,-8,-13,-13,-10,-7,-8,-6,-8,-5,-4,-1,3,6,2,2,6,6,9,14,6,7,15,16,12,9,5,6,7,1,-1,0,-3,-2,-3,-5,-4,-11,-15,-14,-12,-13,-14,-18,-13,-14,-15,-12,-5,-7,-10,-11,-9,-7,-7,-4,2,2,5,2,6,5,8,6,5,10,10,12,13,12,9,8,9,9,7,10,8,6,3,-3,-4,-2,-7,-8,-7,-7,-9,-10,-8,-9,-18,-20,-18,-22,-13,-6,-8,-11,-15,-10,-8,-6,-2,-4,-3,-6,-5,-4,-2,3,1,0,4,6,3,8,12,11,8,11,11,12,9,3,5,5,1,0,-3,-5,-4,-6,-9,-5,-5,-9,-11,-15,-15,-15,-17,-14,-13,-14,-13,-11,-11,-6,-1,-3,-6,-7,-8,-6,-1,3,0,3,5,5,4,7,12,15,10,10,9,10,7,9,8,10,10,6,6,6,-3,2,1,1,-3,-4,-9,-10,-9,-13,-13,-12,-21,-21,-18,-16,-15,-10,-10,-8,-10,-10,-12,-12,-11,-9,-6,-4,-5,-3,0,6,4,2,6,7,13,12,9,10,11,12,11,10,9,4,-2,0,2,-3,-6,-4,1,1,-1,-4,-5,-1,-9,-13,-14,-16,-19,-19,-19,-13,-11,-13,-7,-5,-3,-4,-3,0,0,-3,0,4,6,5,1,1,1,2,3,0,7,13,14,17,13,9,7,7,6,5,3,5,2,1,-1,-3,3,-5,-7,-12,-19,-17,-18,-14,-11,-11,-13,-10,-9,-11,-11,-12,-17,-14,-14,-11,-11,-11,-9,-5,-5,-6,-4,1,3,0,3,6,12,10,6,7,6,6,7,3,10,11,7,6,9,8,5,3,0,-5,-2,-1,-5,-7,-12,-14,-12,-11,-11,-13,-11,-11,-17,-16,-10,-10,-6,-6,-4,-7,-6,-7,-2,-1,1,3,2,3,5,6,5,8,7,8,7,8,12,12,10,14,12,7,-1,-6,-2,-5,-2,-7,-5,-8,-9,-10,-11,-11,-13,-14,-18,-19,-18,-13,-9,-10,-9,-11,-15,-17,-10,-6,-8,-8,-7,-6,-5,1,4,3,3,0,0,0,5,6,7,10,14,13,9,12,14,8,3,0,1,3,7,11,6,-1,-1,-1,-5,-5,-7,-13,-11,-12,-13,-13,-10,-15,-17,-15,-13,-9,-7,-5,-3,-2,-4,-4,-1,0,-1,1,1,3,5,1,1,-2,5,6,6,8,12,7,7,10,6,3,4,3,5,6,1,-4,-3,-4,-7,-5,-8,-8,-9,-12,-10,-13,-16,-11,-12,-12,-15,-14,-16,-14,-9,-11,-6,-3,-2,-3,-5,-4,1,2,3,8,7,5,4,4,7,7,5,8,11,2,6,4,7,8,11,8,8,7,5,2,2,-3,-3,-5,-7,-7,-7,-10,-11,-12,-12,-8,-9,-17,-13,-11,-11,-6,-8,-8,-5,-4,-7,-4,-3,-1,-1,1,-1,-1,1,-3,-3,5,6,10,9,7,6,4,1,4,6,5,8,8,9,6,1,-3,0,-4,-6,-11,-15,-7,-11,-12,-11,-8,-11,-14,-12,-5,-3,-5,-6,-6,-1,-4,0,2,1,-4,-4,-8,-5,-4,-6,-1,0,0,-1,0,2,5,5,7,8,7,8,8,1,0,3,2,1,4,0,0,0,0,1,-2,-2,-3,-5,-11,-10,-7,-5,-6,-9,-8,-6,-7,-9,-7,-5,-3,-7,-10,-12,-13,-7,-4,-2,-1,-1,0,3,5,3,5,4,6,3,4,6,3,2,7,6,7,6,6,2,1,-4,-4,0,1,0,2,-8,-9,-9,-14,-16,-14,-12,-10,-8,-7,-6,-12,-12,-10,-3,-3,-3,-3,-3,2,2,7,6,1,1,5,7,10,7,-2,3,5,2,3,3,4,3,1,4,7,5,0,0,-1,-3,-9,-4,-4,-2,-2,-4,-2,-1,-3,-5,-4,-6,-8,-7,-8,-11,-10,-10,-8,-11,-10,-5,-4,-8,-5,-5,-4,-2,-1,2,2,-3,1,-1,1,0,5,4,5,2,1,2,4,3,2,2,2,1,3,5,1,-1,-3,-2,-4,-3,-3,-4,-5,-4,-10,-11,-8,-8,-7,-8,-8,-5,-3,-5,-7,-5,-3,0,-3,-6,-3,1,-2,2,6,6,4,7,3,2,4,4,4,4,5,9,11,8,7,1,2,-5,-4,-1,-2,-5,-6,-5,-6,-3,-1,-8,-12,-11,-7,-12,-17,-18,-15,-15,-12,-13,-11,-12,-8,-6,-2,1,-1,-2,-4,-3,-4,-2,1,1,2,5,6,8,9,6,7,9,6,6,4,4,5,8,7,8,4,-2,-2,-3,-5,-1,-4,-6,-6,-8,-10,-12,-10,-12,-13,-16,-14,-14,-14,-9,-8,-4,-3,-4,-5,-2,-2,-1,-3,-2,3,6,8,8,6,5,6,5,4,7,10,8,6,5,2,2,0,1,4,2,9,5,3,-2,-3,-2,-5,-9,-9,-12,-13,-9,-10,-11,-11,-15,-15,-17,-14,-12,-11,-13,-8,-5,-4,-3,3,-1,0,-4,-6,-1,-5,-1,2,6,9,10,11,9,12,11,10,9,3,2,3,1,3,5,9,9,5,1,-1,0,0,-2,-7,-13,-14,-12,-15,-13,-11,-14,-11,-8,-9,-6,-4,-7,-3,-3,-2,2,0,3,3,1,0,4,3,3,4,4,5,8,12,10,9,4,4,5,5,3,2,-2,-2,0,3,3,-2,-7,-10,-13,-15,-13,-14,-15,-14,-16,-16,-15,-12,-13,-13,-10,-9,-5,-4,-6,1,2,-1,0,3,1,-1,2,6,5,7,12,13,11,9,9,6,12,10,11,13,15,9,3,2,2,0,1,-1,-4,-5,-8,-14,-17,-20,-14,-8,-6,-7,-8,-11,-13,-12,-11,-11,-9,-11,-11,-7,-7,-3,-3,-3,-1,7,11,12,10,11,10,12,10,12,11,13,10,10,9,12,7,2,1,2,0,-2,-4,-7,-7,-6,-6,-8,-19,-19,-17,-20,-19,-15,-23,-19,-17,-16,-15,-15,-12,-10,-9,-10,-7,-5,-4,-5,-2,4,9,14,16,19,18,15,17,13,16,12,12,10,12,10,5,4,5,5,6,3,6,3,-3,-8,-9,-11,-11,-8,-8,-11,-14,-21,-18,-17,-18,-17,-16,-15,-13,-10,-11,-7,-1,-2,0,1,-1,3,9,12,11,11,12,6,4,6,12,11,12,17,15,16,14,11,10,8,6,3,2,-4,-7,-7,-12,-15,-13,-14,-14,-17,-20,-19,-14,-19,-17,-21,-20,-15,-11,-12,-10,-9,-7,-9,-7,-5,-4,-1,2,7,11,11,13,14,17,19,22,24,23,17,15,15,14,10,8,8,4,5,2,3,3,-2,-6,-8,-10,-11,-15,-20,-18,-16,-16,-15,-19,-20,-20,-22,-23,-19,-13,-11,-8,-8,-5,-1,0,1,0,6,10,12,8,9,8,15,20,19,17,19,18,18,20,17,10,6,2,0,-2,-3,-6,-8,-12,-12,-10,-12,-17,-17,-18,-20,-21,-26,-26,-27,-24,-21,-19,-17,-12,-12,-10,-8,-5,-8,-3,2,7,9,13,13,16,22,24,24,23,20,21,19,20,17,16,13,8,9,6,9,7,2,-3,-6,-10,-10,-11,-14,-12,-13,-19,-24,-29,-29,-26,-25,-24,-23,-22,-19,-15,-12,-9,-8,-10,-5,-2,1,4,10,13,17,19,21,18,18,17,20,23,21,17,15,10,12,13,12,10,9,3,1,1,-1,-11,-17,-18,-19,-19,-21,-18,-19,-23,-23,-22,-24,-24,-24,-19,-18,-14,-13,-10,-10,-9,-2,1,8,12,7,10,13,14,16,20,24,28,26,23,23,23,21,20,17,16,19,12,8,4,5,0,0,-3,-8,-13,-19,-25,-23,-22,-25,-24,-23,-24,-24,-28,-24,-25,-24,-23,-22,-23,-19,-14,-6,0,7,3,9,13,16,16,15,15,19,19,19,22,22,21,23,23,22,19,16,13,11,9,1,0,-3,-8,-8,-9,-12,-13,-19,-26,-23,-21,-25,-26,-28,-25,-25,-26,-26,-21,-19,-13,-11,-7,-7,-4,-3,5,13,14,14,20,21,23,26,25,26,32,27,26,25,23,21,18,18,16,10,4,4,-2,-2,-3,-3,-8,-9,-11,-16,-20,-24,-30,-28,-32,-27,-27,-27,-27,-27,-25,-24,-23,-19,-14,-8,-5,4,5,6,9,13,15,19,23,19,20,23,21,19,20,20,22,20,17,20,16,16,13,7,4,2,2,-3,-7,-11,-15,-13,-16,-17,-22,-21,-24,-28,-33,-32,-27,-26,-25,-21,-19,-17,-14,-16,-6,-2,2,6,8,9,11,13,17,18,26,23,32,31,28,28,26,24,24,23,20,20,15,11,6,6,-2,-6,-9,-14,-17,-17,-17,-18,-23,-24,-22,-25,-30,-32,-34,-29,-24,-18,-16,-15,-18,-19,-9,-3,2,5,1,4,12,12,17,21,18,18,21,27,30,27,24,17,14,16,21,17,11,10,12,10,7,5,1,-5,-11,-13,-20,-26,-29,-29,-26,-29,-25,-26,-27,-26,-24,-22,-22,-23,-16,-15,-12,-3,3,1,4,6,8,14,16,21,21,22,23,28,30,29,27,26,26,24,20,18,23,21,14,7,3,2,-3,-3,-4,-10,-18,-23,-26,-27,-29,-29,-31,-26,-25,-25,-26,-24,-24,-21,-19,-15,-11,-7,-10,-5,-2,2,3,10,12,16,14,15,15,12,16,18,24,25,26,25,25,23,19,15,15,11,5,2,-5,-9,-13,-14,-11,-14,-17,-18,-20,-22,-21,-22,-22,-24,-26,-25,-21,-18,-17,-18,-15,-13,-7,-3,1,8,12,13,13,12,13,17,24,25,21,25,27,27,26,28,24,23,20,19,17,14,7,3,2,-2,-10,-13,-16,-22,-17,-18,-25,-29,-32,-26,-25,-26,-30,-33,-26,-26,-22,-22,-18,-13,-14,-11,-11,-4,-3,5,12,16,18,15,18,23,25,25,27,23,17,17,15,16,19,18,13,14,10,5,5,0,-2,-5,-10,-10,-12,-13,-13,-19,-24,-21,-20,-21,-22,-23,-25,-22,-20,-19,-13,-11,-12,-6,0,2,3,4,3,10,14,13,18,23,21,19,18,21,21,25,22,20,21,15,9,8,7,4,3,2,-1,-6,-7,-9,-18,-16,-17,-16,-17,-18,-25,-23,-26,-28,-23,-21,-20,-14,-14,-11,-8,-8,-7,-4,-3,-1,2,2,3,5,10,13,16,18,21,25,27,27,24,22,22,18,18,14,11,4,4,4,3,3,-2,-2,-6,-8,-11,-14,-15,-20,-23,-20,-20,-20,-16,-19,-21,-17,-11,-9,-6,-8,-8,-3,3,5,5,3,5,7,10,17,15,18,18,17,20,23,20,18,20,12,11,12,7,4,7,9,6,1,-2,-4,-5,-7,-13,-15,-17,-20,-21,-23,-20,-22,-24,-28,-26,-24,-18,-16,-14,-13,-9,-7,-6,-5,4,4,5,5,10,9,12,16,21,16,16,16,23,22,19,21,18,11,14,11,10,10,6,1,1,-1,-2,-4,-9,-15,-16,-16,-19,-20,-22,-22,-20,-19,-17,-15,-14,-14,-11,-6,-1,2,-1,0,4,7,6,5,7,9,7,10,12,14,14,16,14,15,15,18,10,9,7,7,10,7,6,7,1,-3,0,-4,-8,-10,-14,-18,-18,-18,-20,-20,-17,-17,-16,-17,-17,-18,-16,-11,-8,-9,-7,-1,2,4,6,6,9,9,13,14,17,18,18,14,12,12,18,13,13,16,16,15,13,10,9,7,2,-2,-3,-7,-8,-13,-11,-14,-15,-12,-12,-12,-13,-14,-14,-11,-5,-5,-7,-5,-5,-9,-9,-5,-2,1,-4,1,3,3,8,11,9,10,8,8,9,16,15,15,17,16,14,9,3,1,0,1,1,2,-3,-5,-7,-10,-9,-12,-15,-14,-15,-16,-16,-17,-14,-12,-9,-10,-16,-13,-8,-3,-2,-2,2,0,1,4,3,6,5,8,7,7,8,14,14,11,9,9,10,11,11,7,6,2,1,3,1,-3,-1,-3,-1,-2,-4,-9,-11,-10,-15,-12,-11,-8,-5,-5,-7,-8,-11,-10,-5,-2,0,4,3,2,5,3,1,6,5,11,13,12,8,7,1,7,7,6,8,8,5,6,4,3,4,1,-2,-2,-4,-8,-9,-10,-11,-12,-11,-13,-7,-7,-6,-8,-12,-15,-16,-15,-12,-9,-5,2,2,-2,1,4,3,3,6,7,6,9,14,15,14,12,11,8,11,14,15,10,9,6,2,5,5,2,3,5,3,-2,-5,-6,-8,-10,-13,-14,-14,-14,-10,-7,-8,-6,-10,-8,-3,-4,-5,-6,-3,-2,1,1,1,0,-1,2,4,3,4,7,6,9,11,11,11,8,6,12,12,7,7,5,1,-1,-1,-5,-5,-6,-10,-11,-9,-7,-5,-6,-3,-8,-10,-11,-11,-17,-15,-6,-4,-3,2,-4,-3,-4,-4,-1,3,5,7,10,8,7,12,13,12,11,15,16,11,3,1,6,7,7,5,5,2,1,-3,-4,-1,-2,-1,-2,0,-1,-4,-6,-7,-5,-7,-9,-13,-13,-8,-9,-4,-1,-3,-1,-1,-2,-3,0,3,4,5,5,10,12,8,10,11,10,10,12,9,6,4,7,8,7,7,9,3,0,-2,-9,-7,-10,-11,-9,-6,-7,-10,-13,-11,-11,-8,-10,-11,-11,-12,-12,-8,-10,-2,-5,-5,-1,1,0,2,3,2,9,12,12,11,9,11,14,14,10,9,11,10,9,10,11,8,5,2,-1,0,0,2,-3,-7,-5,-5,-10,-10,-9,-8,-8,-12,-8,-11,-13,-11,-4,-3,-3,4,4,3,4,-2,-3,-1,1,5,8,6,6,8,4,10,10,9,4,5,4,3,2,4,1,3,6,2,0,2,4,3,0,-2,-10,-9,-13,-14,-14,-12,-13,-9,-10,-10,-9,-4,-4,-4,-1,1,2,1,5,1,5,7,4,2,2,4,7,8,12,15,14,16,13,10,14,13,11,9,6,6,6,3,2,-1,-3,-5,-8,-7,-6,-10,-4,-7,-6,-10,-10,-7,-4,-4,-5,-10,-10,-8,-12,-7,-8,-11,-6,-1,3,3,4,5,10,11,11,14,15,13,6,2,1,6,5,8,9,7,6,9,5,1,-1,-4,-6,-6,-4,-3,-2,-4,-6,-7,-10,-9,-9,-8,-11,-6,-10,-4,-4,-5,-4,-5,-4,0,0,-1,5,2,2,5,9,14,13,7,7,8,8,8,10,13,12,8,10,9,7,6,6,7,3,0,-2,-5,-9,-9,-7,-6,-8,-12,-5,-8,-8,-12,-12,-15,-13,-12,-11,-9,-4,-2,2,3,2,0,-2,1,1,2,5,6,3,6,10,13,14,15,13,13,11,7,7,6,4,5,4,2,4,4,-1,-1,-3,-5,-5,-4,-10,-12,-10,-11,-6,-6,-11,-11,-11,-7,-5,-4,-3,3,4,-1,0,2,1,8,10,8,9,7,10,7,9,6,5,3,5,7,8,9,11,8,6,7,6,4,6,2,-3,-1,0,0,1,-7,-2,-7,-9,-8,-8,-6,-8,-11,-12,-8,-7,-9,0,-1,-4,-2,-7,-6,-3,1,0,-1,3,2,6,5,2,4,5,7,9,11,12,9,6,8,9,6,2,3,1,1,2,4,5,3,0,-3,-4,-7,-6,-4,-8,-9,-2,-5,-4,-6,-6,-6,-5,-4,-3,-5,-3,0,1,1,5,3,5,8,6,2,3,3,6,8,11,13,10,8,4,5,8,7,5,-2,-2,2,1,1,3,1,0,-1,1,2,-3,-10,-13,-10,-4,-2,-4,-3,-5,-8,-7,0,-1,-2,0,-2,-5,-4,-5,-4,-1,-2,-1,-1,-2,-1,1,3,3,3,2,6,4,3,4,5,4,4,1,5,7,7,4,5,7,6,5,3,0,2,4,-3,-6,-7,-9,-8,-10,-7,-1,-4,-6,-3,-1,-4,0,1,3,5,4,2,5,3,2,4,7,6,11,7,8,10,8,3,4,4,6,6,4,0,0,-4,-6,-1,-3,-2,-7,-9,-6,2,4,4,0,-1,1,0,4,0,-2,-7,-8,-5,-7,-2,-1,-3,-3,0,-1,-1,0,-4,-5,-5,-4,4,3,9,4,2,4,3,2,3,4,2,1,2,4,7,5,0,4,7,4,5,3,3,-1,0,5,3,3,3,4,2,1,-2,-3,-2,0,-2,1,-4,-7,-5,-1,-2,0,2,4,4,6,6,4,3,2,-1,1,0,1,2,0,2,3,1,2,3,-1,1,-2,-2,-3,1,2,5,6,6,6,7,3,0,-4,-5,-2,1,0,1,1,-7,-7,-7,-6,-3,-5,-2,1,0,-4,-10,-10,-8,-2,-1,4,5,1,-2,-4,-2,2,5,1,0,0,-2,1,2,2,5,0,-1,0,0,0,-2,0,-1,2,1,-4,-5,-5,-1,0,-1,-1,-7,-7,-9,-9,-8,-6,-6,-5,-4,-5,-8,-6,-14,-12,-4,-1,-3,-3,1,0,2,1,-1,-1,-2,-5,-5,0,-4,-5,2,-1,-3,-6,-8,-12,-9,-10,-4,